lastAccountName: PH_Aleks
socialspy: false
timestamps:
  login: 1587495631544
  logout: 1587495657108
ipAddress: 79.110.207.118
lastlocation:
  world: world
  x: -51.5
  y: 67.0
  z: 43.5
  yaw: 0.0
  pitch: 0.0
logoutlocation:
  world: world
  x: -26.98275936644131
  y: 75.0625
  z: 528.5093934875325
  yaw: -257.84778
  pitch: 42.45003
