lastAccountName: iSuperMWK
timestamps:
  login: 1588324400066
  kits:
    starter: 1588324431689
    narzedzia: 1588324436497
  logout: 1588325384785
ipAddress: 188.146.182.147
socialspy: false
lastlocation:
  world: world
  x: -51.5
  y: 67.0
  z: 43.5
  yaw: 0.0
  pitch: 0.0
logoutlocation:
  world: world
  x: 148.39435159261956
  y: 71.0
  z: 381.23801558242195
  yaw: -4.7963867
  pitch: 26.54994
