lastAccountName: kooksik1123
timestamps:
  login: 1587842333667
  logout: 1587843032297
ipAddress: 152.89.162.178
socialspy: false
lastlocation:
  world: world
  x: -51.5
  y: 67.0
  z: 43.5
  yaw: 0.0
  pitch: 0.0
logoutlocation:
  world: world
  x: 5.95471750897186
  y: 64.0
  z: 531.3339227156547
  yaw: 3.8885882
  pitch: 13.030555
