lastAccountName: DS_acer
socialspy: false
timestamps:
  login: 1588778434821
  lastteleport: 1588777464720
  logout: 1588778488815
ipAddress: 5.172.239.167
lastlocation:
  world: world
  x: 5.872887403616058
  y: 64.0
  z: 593.6587656442623
  yaw: -196.64276
  pitch: 7.1998243
logoutlocation:
  world: world
  x: 3886.3809577457323
  y: 64.0
  z: 4251.181543548644
  yaw: 152.85228
  pitch: 20.24978
