lastAccountName: ForedFavored
socialspy: false
timestamps:
  login: 1587986416296
  logout: 1587986511962
ipAddress: 37.248.62.248
lastlocation:
  world: world
  x: -51.5
  y: 67.0
  z: 43.5
  yaw: 0.0
  pitch: 0.0
logoutlocation:
  world: world
  x: -28.925517788524303
  y: 75.0
  z: 531.8191976599026
  yaw: -329.44632
  pitch: 24.661045
