lastAccountName: kuba546546
timestamps:
  login: 1588412767712
  logout: 1588416876280
  lastteleport: 1588416655419
ipAddress: 91.146.228.61
socialspy: false
lastlocation:
  world: world
  x: 5.42750611541871
  y: 65.0
  z: 529.6112049478512
  yaw: -178.64317
  pitch: 1.0495762
logoutlocation:
  world: world
  x: 5.978636289140645
  y: 65.0
  z: 529.1872327447088
  yaw: 241.65697
  pitch: 6.7497354
