lastAccountName: szunek
socialspy: false
timestamps:
  login: 1586878105027
  logout: 1586878116093
ipAddress: 31.0.124.103
lastlocation:
  world: world
  x: -51.5
  y: 67.0
  z: 43.5
  yaw: 0.0
  pitch: 0.0
logoutlocation:
  world: world
  x: -26.43790188517853
  y: 75.0
  z: 528.486480376165
  yaw: -278.24936
  pitch: 28.049978
