lastAccountName: GiantsBro
socialspy: false
timestamps:
  login: 1588157845407
  logout: 1588157879025
ipAddress: 185.18.176.251
lastlocation:
  world: world
  x: -51.5
  y: 67.0
  z: 43.5
  yaw: 0.0
  pitch: 0.0
logoutlocation:
  world: world
  x: 4.440724667970365
  y: 64.0
  z: 513.3251476085028
  yaw: -169.34235
  pitch: 15.449792
