lastAccountName: Szympek
timestamps:
  login: 1588666506111
  logout: 1588666536244
ipAddress: 31.60.152.143
socialspy: false
lastlocation:
  world: world
  x: -51.5
  y: 67.0
  z: 43.5
  yaw: 0.0
  pitch: 0.0
logoutlocation:
  world: world
  x: -0.7344033153333969
  y: 64.0
  z: 567.9614033504357
  yaw: 234.56888
  pitch: 11.251632
