lastAccountName: fox431
timestamps:
  login: 1588010550000
  logout: 1588010580003
ipAddress: 188.146.164.124
socialspy: false
lastlocation:
  world: world
  x: -51.5
  y: 67.0
  z: 43.5
  yaw: 0.0
  pitch: 0.0
logoutlocation:
  world: world
  x: -17.457386342891265
  y: 64.0
  z: 500.9911389735179
  yaw: 24.464676
  pitch: 6.1502743
