socialspy: false
lastAccountName: Prawdziwek_Pro
timestamps:
  login: 1588769123123
  logout: 1588769265919
ipAddress: 188.147.101.47
lastlocation:
  world: world
  x: 15.5
  y: 64.0
  z: 529.5
  yaw: 0.0
  pitch: 0.0
logoutlocation:
  world: world
  x: -70.79224310226654
  y: 48.0
  z: 562.1412005180512
  yaw: 185.10693
  pitch: 71.09979
