lastAccountName: Ochmanejro
timestamps:
  login: 1588070392703
  logout: 1588070945317
  kits:
    starter: 1588070526807
ipAddress: 193.238.66.49
socialspy: false
lastlocation:
  world: world
  x: -51.5
  y: 67.0
  z: 43.5
  yaw: 0.0
  pitch: 0.0
logoutlocation:
  world: world
  x: 21.55486597077143
  y: 67.0
  z: 565.8991175076553
  yaw: -0.2597046
  pitch: 12.449547
