lastAccountName: mariczka112233
socialspy: false
timestamps:
  login: 1588683768395
  lastteleport: 1588685069499
  logout: 1588685271816
  kits:
    jedzenie: 1588684213677
ipAddress: 185.167.34.144
lastlocation:
  world: world
  x: 5.5
  y: 64.0
  z: 528.5
  yaw: -182.39313
  pitch: -1.500225
logoutlocation:
  world: world
  x: -2023.0963610331833
  y: 67.0
  z: 4743.276505018368
  yaw: -13.2230835
  pitch: 10.950077
