socialspy: false
lastAccountName: Gamereq_
timestamps:
  login: 1587727564659
  logout: 1587727571766
ipAddress: 178.42.1.194
lastlocation:
  world: world
  x: -51.5
  y: 67.0
  z: 43.5
  yaw: 0.0
  pitch: 0.0
logoutlocation:
  world: world
  x: 224.69999998807907
  y: 62.703492024424115
  z: 758.9512520097312
  yaw: 233.72375
  pitch: 31.622103
