lastAccountName: kamo177
socialspy: false
timestamps:
  login: 1588437305780
  logout: 1588437317852
ipAddress: 82.1.110.252
lastlocation:
  world: world
  x: -51.5
  y: 67.0
  z: 43.5
  yaw: 0.0
  pitch: 0.0
logoutlocation:
  world: world
  x: 5.827779594062051
  y: 65.0
  z: 528.3501699476269
  yaw: -33.097557
  pitch: 54.769043
