lastAccountName: RoxonPL
socialspy: false
timestamps:
  login: 1588758351172
  logout: 1588758625453
ipAddress: 90.156.27.171
lastlocation:
  world: world
  x: 14.5
  y: 64.0
  z: 529.5
  yaw: 0.0
  pitch: 0.0
logoutlocation:
  world: world
  x: -119.10318685990974
  y: 66.0
  z: 673.2159047224171
  yaw: 117.22046
  pitch: 27.467548
