socialspy: false
lastAccountName: STEPINSKYY
timestamps:
  login: 1587412214231
  logout: 1587412316666
ipAddress: 83.26.237.36
lastlocation:
  world: world
  x: -51.5
  y: 67.0
  z: 43.5
  yaw: 0.0
  pitch: 0.0
logoutlocation:
  world: world
  x: -37.57899386552454
  y: 65.0
  z: 487.69999998807907
  yaw: -310.4047
  pitch: 6.794365
