lastAccountName: kinamilia
socialspy: false
timestamps:
  login: 1588178275320
  logout: 1588178295327
ipAddress: 83.6.64.147
lastlocation:
  world: world
  x: -51.5
  y: 67.0
  z: 43.5
  yaw: 0.0
  pitch: 0.0
logoutlocation:
  world: world
  x: 16.661975464508693
  y: 64.0
  z: 545.5484976925495
  yaw: 22.056929
  pitch: 20.099771
