lastAccountName: Bart0sheq
socialspy: false
timestamps:
  login: 1587932505783
  lastteleport: 1587933242687
  logout: 1587933794219
ipAddress: 83.26.165.76
lastlocation:
  world: world
  x: 6.673190178767491
  y: 64.0
  z: 531.3193954916834
  yaw: 39.914783
  pitch: 6.60001
logoutlocation:
  world: world
  x: 30.314061355622595
  y: 67.0
  z: 522.583702117236
  yaw: 291.46506
  pitch: 6.3000183
