socialspy: false
lastAccountName: Magginer
timestamps:
  login: 1587928410923
  logout: 1587928449171
ipAddress: 31.135.207.40
lastlocation:
  world: world
  x: -51.5
  y: 67.0
  z: 43.5
  yaw: 0.0
  pitch: 0.0
logoutlocation:
  world: world
  x: 4.735363656921278
  y: 65.0
  z: 528.7356116011566
  yaw: 133.365
  pitch: 10.800005
