lastAccountName: hania6666
socialspy: false
timestamps:
  login: 1588337864960
  logout: 1588337870194
ipAddress: 83.9.214.76
lastlocation:
  world: world
  x: -51.5
  y: 67.0
  z: 43.5
  yaw: 0.0
  pitch: 0.0
logoutlocation:
  world: world
  x: 5.4068064946171015
  y: 65.0
  z: 527.9572034241644
  yaw: -183.14313
  pitch: 16.349993
