lastAccountName: ananasek__
timestamps:
  login: 1588794623252
  kits:
    starter: 1588584434329
    narzedzia: 1588584420327
  logout: 1588794653116
ipAddress: 37.248.153.246
socialspy: false
lastlocation:
  world: world
  x: -51.5
  y: 67.0
  z: 43.5
  yaw: 0.0
  pitch: 0.0
logoutlocation:
  world: world
  x: 124.99417780183242
  y: 68.0
  z: 791.8014081810593
  yaw: 319.32242
  pitch: 14.397726
