lastAccountName: franek
socialspy: false
timestamps:
  login: 1588169310070
  logout: 1588169314545
ipAddress: 37.248.157.211
lastlocation:
  world: world
  x: -51.5
  y: 67.0
  z: 43.5
  yaw: 0.0
  pitch: 0.0
logoutlocation:
  world: world
  x: 5.491089323943174
  y: 65.0
  z: 528.9253704314201
  yaw: 11.706931
  pitch: 1.7999812
