lastlocation:
  world: world
  x: -51.5
  y: 67.0
  z: 43.5
  yaw: 0.0
  pitch: 0.0
socialspy: false
lastAccountName: XX_patryq_XX_YT
timestamps:
  login: 1587927904526
  logout: 1587927966298
ipAddress: 88.156.133.152
logoutlocation:
  world: world
  x: 4.68758164338145
  y: 64.0
  z: 522.2360990092974
  yaw: 11.263462
  pitch: 16.799784
