lastAccountName: Iras117
timestamps:
  login: 1588097546130
  kits:
    starter: 1588097564463
  lastteleport: 1588097900439
  logout: 1588098167764
ipAddress: 85.145.23.168
socialspy: false
lastlocation:
  world: world
  x: 101.32896899835143
  y: 61.0
  z: 544.7760604880626
  yaw: -209.91443
  pitch: -2.86274
logoutlocation:
  world: world
  x: -80.67688421117707
  y: 61.0
  z: 618.5852644793531
  yaw: 244.15741
  pitch: 15.953417
