lastAccountName: JA_SPIERDALAM
socialspy: false
timestamps:
  login: 1588343045421
  logout: 1588343059730
ipAddress: 109.233.91.251
lastlocation:
  world: world
  x: -51.5
  y: 67.0
  z: 43.5
  yaw: 0.0
  pitch: 0.0
logoutlocation:
  world: world
  x: 4.195093996337635
  y: 64.0
  z: 510.8854675008944
  yaw: 114.45691
  pitch: 23.549782
