lastAccountName: kacpereks
timestamps:
  login: 1587206670367
  logout: 1587206688071
ipAddress: 83.31.157.82
socialspy: false
lastlocation:
  world: world
  x: -51.5
  y: 67.0
  z: 43.5
  yaw: 0.0
  pitch: 0.0
logoutlocation:
  world: world
  x: 20.689260003592402
  y: 66.0
  z: 557.5902984044329
  yaw: -7.652649
  pitch: 17.3995
