lastAccountName: _chrupeczka_
timestamps:
  login: 1587066926458
  logout: 1587067009207
ipAddress: 89.64.58.112
socialspy: false
lastlocation:
  world: world
  x: -51.5
  y: 67.0
  z: 43.5
  yaw: 0.0
  pitch: 0.0
logoutlocation:
  world: world
  x: 15.97308663094421
  y: 64.0
  z: 527.9346586049276
  yaw: -280.39117
  pitch: 22.229267
