lastAccountName: kozakfest
timestamps:
  login: 1587321552720
  logout: 1587322153340
ipAddress: 94.240.4.243
socialspy: false
lastlocation:
  world: world
  x: -51.5
  y: 67.0
  z: 43.5
  yaw: 0.0
  pitch: 0.0
logoutlocation:
  world: world
  x: 242.78309983625203
  y: 65.0
  z: 705.8722016075901
  yaw: 176.39702
  pitch: 31.649956
