lastAccountName: Lysy
timestamps:
  login: 1587144166365
  lastteleport: 1587144195398
  logout: 1587144230007
ipAddress: 188.146.231.246
socialspy: false
lastlocation:
  world: world
  x: -37.34242343074022
  y: 92.0
  z: 527.6533957083094
  yaw: -326.39938
  pitch: 14.400071
logoutlocation:
  world: world
  x: 4.106015654597986
  y: 64.0
  z: 532.7565665222335
  yaw: -19.649391
  pitch: 19.949986
