lastAccountName: Szczur
timestamps:
  login: 1587917641260
  logout: 1587917671286
ipAddress: 85.221.158.172
socialspy: false
lastlocation:
  world: world
  x: -51.5
  y: 67.0
  z: 43.5
  yaw: 0.0
  pitch: 0.0
logoutlocation:
  world: world
  x: 5.009746756282012
  y: 65.0
  z: 528.9953828189639
  yaw: 2.864781
  pitch: 70.05004
