lastAccountName: Wojan
timestamps:
  login: 1587210956725
  logout: 1587210986813
ipAddress: 83.31.157.82
socialspy: false
lastlocation:
  world: world
  x: -51.5
  y: 67.0
  z: 43.5
  yaw: 0.0
  pitch: 0.0
logoutlocation:
  world: world
  x: -27.030651753655484
  y: 75.0625
  z: 528.4936236569583
  yaw: -259.94937
  pitch: -0.15001877
