lastAccountName: HeniekWojak
timestamps:
  login: 1587053685345
  logout: 1587053801204
ipAddress: 176.97.141.35
socialspy: false
lastlocation:
  world: world
  x: -51.5
  y: 67.0
  z: 43.5
  yaw: 0.0
  pitch: 0.0
logoutlocation:
  world: world
  x: -1713.5
  y: 78.35489329934836
  z: -325.5
  yaw: 28.60618
  pitch: -0.6174001
