lastAccountName: minekosik
timestamps:
  login: 1588448922449
  logout: 1588448938739
ipAddress: 79.162.47.91
socialspy: false
lastlocation:
  world: world
  x: -51.5
  y: 67.0
  z: 43.5
  yaw: 0.0
  pitch: 0.0
logoutlocation:
  world: world
  x: 5.5
  y: 65.0
  z: 528.5
  yaw: -2.3931007
  pitch: 76.04978
