lastAccountName: siairoxx
timestamps:
  login: 1586894788703
  logout: 1586894795073
ipAddress: 5.172.233.49
socialspy: false
lastlocation:
  world: world
  x: -51.5
  y: 67.0
  z: 43.5
  yaw: 0.0
  pitch: 0.0
logoutlocation:
  world: world
  x: -26.961050989188667
  y: 75.0625
  z: 528.533831395987
  yaw: -244.34976
  pitch: 1.5000014
