lastlocation:
  world: world
  x: -51.5
  y: 67.0
  z: 43.5
  yaw: 0.0
  pitch: 0.0
socialspy: false
lastAccountName: pierniczeek
timestamps:
  login: 1587750461127
  logout: 1587750487809
ipAddress: 31.183.163.208
logoutlocation:
  world: world
  x: 27.96571415636565
  y: 64.0
  z: 537.3870152827201
  yaw: -259.54486
  pitch: 21.150501
