lastAccountName: Esia
timestamps:
  login: 1587772101311
  logout: 1587772131353
ipAddress: 5.173.26.58
socialspy: false
lastlocation:
  world: world
  x: -51.5
  y: 67.0
  z: 43.5
  yaw: 0.0
  pitch: 0.0
logoutlocation:
  world: world
  x: 5.022047799424075
  y: 65.0
  z: 528.4939245078817
  yaw: -273.43506
  pitch: 16.500008
