lastAccountName: Cytrynek
socialspy: false
timestamps:
  login: 1588678600062
  logout: 1588678629846
ipAddress: 85.89.165.129
lastlocation:
  world: world
  x: -51.5
  y: 67.0
  z: 43.5
  yaw: 0.0
  pitch: 0.0
logoutlocation:
  world: world
  x: 18.45343459056818
  y: 64.0
  z: 534.0030385764995
  yaw: 336.84396
  pitch: -20.958057
