lastAccountName: spidlopez
socialspy: false
timestamps:
  login: 1588609931303
  logout: 1588610170570
ipAddress: 89.64.31.118
lastlocation:
  world: world
  x: -51.5
  y: 67.0
  z: 43.5
  yaw: 0.0
  pitch: 0.0
logoutlocation:
  world: world
  x: 31.64267196305505
  y: 64.0
  z: 567.1761723360651
  yaw: -157.94312
  pitch: 14.8499775
