lastAccountName: Qaress
timestamps:
  login: 1586978915010
  logout: 1586978922030
ipAddress: 176.112.113.161
socialspy: false
lastlocation:
  world: world
  x: -51.5
  y: 67.0
  z: 43.5
  yaw: 0.0
  pitch: 0.0
logoutlocation:
  world: world
  x: -26.5
  y: 75.0
  z: 528.5
  yaw: -276.44766
  pitch: 31.920242
