lastAccountName: xXXtrasperXXx
socialspy: false
timestamps:
  login: 1587228187484
  logout: 1587228413865
ipAddress: 178.159.174.231
lastlocation:
  world: world
  x: -51.5
  y: 67.0
  z: 43.5
  yaw: 0.0
  pitch: 0.0
logoutlocation:
  world: world
  x: 4.212537368691648
  y: 64.0
  z: 476.0235791833062
  yaw: -171.89886
  pitch: 3.6000166
