lastAccountName: karolcia_zadzix
socialspy: false
timestamps:
  login: 1588011806287
  logout: 1588011836263
  lastteleport: 1588009648390
ipAddress: 91.222.147.14
lastlocation:
  world: world
  x: 4.901906245814265
  y: 65.0
  z: 527.4207982325255
  yaw: -73.93534
  pitch: 18.450003
logoutlocation:
  world: world
  x: 5.841356119111797
  y: 65.0
  z: 528.8757707604552
  yaw: -271.487
  pitch: -11.250024
