lastAccountName: wojtaz
timestamps:
  login: 1588795318195
  logout: 1588795322671
  lastteleport: 1588706335203
ipAddress: 91.227.216.167
socialspy: false
lastlocation:
  world: world
  x: 11.411447080571334
  y: 56.92159999847412
  z: 368.51249998807907
  yaw: 129.59052
  pitch: 90.0
logoutlocation:
  world: world
  x: 5.612436387176181
  y: 65.04289683901332
  z: 437.572430205145
  yaw: 350.2555
  pitch: 17.399601
