lastAccountName: lamusek000123
timestamps:
  login: 1588332382161
  lastteleport: 1588332554806
  logout: 1588332866387
ipAddress: 37.30.30.167
socialspy: false
lastlocation:
  world: world
  x: -3292.699999988079
  y: 73.0
  z: -2162.5280526836623
  yaw: -124.35174
  pitch: 7.799203
logoutlocation:
  world: world
  x: 6.264743623150142
  y: 64.0
  z: 556.3583916556983
  yaw: -38.543102
  pitch: 46.349686
