socialspy: false
lastAccountName: WYPIERDALAM
timestamps:
  login: 1588343068874
  logout: 1588343187779
ipAddress: 109.233.91.251
lastlocation:
  world: world
  x: -51.5
  y: 67.0
  z: 43.5
  yaw: 0.0
  pitch: 0.0
logoutlocation:
  world: world
  x: -0.7711247876274623
  y: 66.0
  z: 696.424917216205
  yaw: 22.056915
  pitch: 60.15001
