lastAccountName: Patriko24
timestamps:
  login: 1588070864671
  kits:
    starter: 1588070291331
  lastteleport: 1588070611468
  logout: 1588070866869
ipAddress: 31.183.160.207
socialspy: false
lastlocation:
  world: world
  x: -36.30000001192093
  y: 70.0
  z: 237.27813618283977
  yaw: 153.72108
  pitch: 23.783813
logoutlocation:
  world: world
  x: -2.580407775314044
  y: 44.00277791427211
  z: 761.4023156772547
  yaw: 142.02484
  pitch: 36.916214
