socialspy: false
lastAccountName: kooksik123
timestamps:
  login: 1587841228519
  logout: 1587841423109
ipAddress: 179.43.168.202
lastlocation:
  world: world
  x: -51.5
  y: 67.0
  z: 43.5
  yaw: 0.0
  pitch: 0.0
logoutlocation:
  world: world
  x: 6.150730589197814
  y: 65.0
  z: 527.7139585696868
  yaw: -195.39262
  pitch: 9.730127
