lastAccountName: endriuuu
timestamps:
  login: 1587663215555
  lastteleport: 1587663231794
  logout: 1587663256701
ipAddress: 78.10.208.128
socialspy: false
lastlocation:
  world: world
  x: 5.098092554813188
  y: 64.0
  z: 536.8725714104115
  yaw: -178.78491
  pitch: 13.500017
logoutlocation:
  world: world
  x: -26.174149959582934
  y: 66.0
  z: 528.1895374356205
  yaw: -89.98663
  pitch: 0.45001552
