lastAccountName: Tonacho
timestamps:
  login: 1588373946605
  logout: 1588376322889
ipAddress: 95.90.216.210
socialspy: false
lastlocation:
  world: world
  x: -51.5
  y: 67.0
  z: 43.5
  yaw: 0.0
  pitch: 0.0
logoutlocation:
  world: world
  x: 221.02553825239104
  y: 62.0
  z: 1138.9942395141659
  yaw: 59.992188
  pitch: 4.948623
