lastAccountName: QUAFQ_YT
timestamps:
  login: 1586878263667
  logout: 1586878459940
ipAddress: 31.0.124.103
socialspy: false
lastlocation:
  world: world
  x: -51.5
  y: 67.0
  z: 43.5
  yaw: 0.0
  pitch: 0.0
logoutlocation:
  world: world
  x: -36.070617455604776
  y: 82.0
  z: 527.4484626031168
  yaw: 81.300606
  pitch: 18.90002
