lastAccountName: JJMaciej
timestamps:
  login: 1588084335433
  logout: 1588084359765
ipAddress: 91.123.178.15
socialspy: false
lastlocation:
  world: world
  x: -51.5
  y: 67.0
  z: 43.5
  yaw: 0.0
  pitch: 0.0
logoutlocation:
  world: world
  x: 19.356913324137
  y: 65.0
  z: 540.73817458661
  yaw: -302.84314
  pitch: -8.400248
