lastAccountName: _MiLy_777
timestamps:
  login: 1587918228825
  lastteleport: 1587750002670
  logout: 1587918704684
  kits:
    starter: 1587750120254
ipAddress: 31.183.175.26
socialspy: false
lastlocation:
  world: world
  x: -30.754844178719882
  y: 64.0
  z: 461.66509423361964
  yaw: 120.252426
  pitch: 6.7266245
logoutlocation:
  world: world
  x: -280.196122259686
  y: 87.0
  z: 812.4629308871641
  yaw: 302.10925
  pitch: 13.354495
