lastAccountName: xewin202
timestamps:
  login: 1587066734159
  kits:
    tools: 1587066989224
  logout: 1587067001893
ipAddress: 89.67.14.86
socialspy: false
lastlocation:
  world: world
  x: -51.5
  y: 67.0
  z: 43.5
  yaw: 0.0
  pitch: 0.0
logoutlocation:
  world: world
  x: 7.015954773304079
  y: 64.0
  z: 514.5416786486427
  yaw: -183.70502
  pitch: -1.1976888
