lastAccountName: Liltastic
timestamps:
  login: 1588087199901
  logout: 1588087208770
ipAddress: 213.76.38.31
socialspy: false
lastlocation:
  world: world
  x: -51.5
  y: 67.0
  z: 43.5
  yaw: 0.0
  pitch: 0.0
logoutlocation:
  world: world
  x: 5.920507644475885
  y: 65.0
  z: 528.0079545712024
  yaw: 38.26469
  pitch: 19.20002
