lastAccountName: Asamiii
timestamps:
  login: 1588099364641
  logout: 1588101085126
ipAddress: 83.31.150.224
socialspy: false
lastlocation:
  world: world
  x: -51.5
  y: 67.0
  z: 43.5
  yaw: 0.0
  pitch: 0.0
logoutlocation:
  world: world
  x: -3426.7302116095702
  y: 67.0
  z: 756.6103836282483
  yaw: 19.699219
  pitch: 3.4787803
