lastAccountName: SeJTaN13
timestamps:
  login: 1587745237210
  kits:
    starter: 1587745318233
  lastteleport: 1587745343010
  logout: 1587745889313
ipAddress: 89.64.84.216
socialspy: false
lastlocation:
  world: world
  x: 5.390386927606055
  y: 64.0
  z: 548.3147909484662
  yaw: -359.77106
  pitch: 10.0170555
logoutlocation:
  world: world
  x: -12.659599373437509
  y: 60.0
  z: 338.7894419607493
  yaw: 185.90063
  pitch: -34.818424
