socialspy: false
lastAccountName: WicioPL69
timestamps:
  login: 1588598730681
  logout: 1588598812158
ipAddress: 188.147.97.212
lastlocation:
  world: world
  x: -51.5
  y: 67.0
  z: 43.5
  yaw: 0.0
  pitch: 0.0
logoutlocation:
  world: world
  x: 25.38002136602546
  y: 70.0
  z: 672.6999999880791
  yaw: -20.40066
  pitch: 24.150007
