lastAccountName: opel1983
socialspy: false
timestamps:
  login: 1588613283936
  logout: 1588613313878
ipAddress: 109.196.235.207
lastlocation:
  world: world
  x: -51.5
  y: 67.0
  z: 43.5
  yaw: 0.0
  pitch: 0.0
logoutlocation:
  world: world
  x: 5.330863402943211
  y: 64.0
  z: 528.9441823725134
  yaw: 348.00696
  pitch: -14.850042
