lastAccountName: marceliuszek
timestamps:
  login: 1588778427628
  lastteleport: 1588779329276
  logout: 1588779511038
ipAddress: 31.0.120.41
socialspy: false
lastlocation:
  world: world
  x: 1048.3049254026264
  y: 42.0
  z: -1735.699999988079
  yaw: 309.45
  pitch: 5.850009
logoutlocation:
  world: world
  x: 11.97253303037316
  y: 67.0
  z: 515.9102953635045
  yaw: 68.7069
  pitch: 32.54976
