lastAccountName: fifi7558
timestamps:
  login: 1588151427692
  logout: 1588151465475
ipAddress: 46.215.97.183
socialspy: false
lastlocation:
  world: world
  x: -51.5
  y: 67.0
  z: 43.5
  yaw: 0.0
  pitch: 0.0
logoutlocation:
  world: world
  x: 5.357031884598734
  y: 64.0
  z: 503.16543128302936
  yaw: 108.614655
  pitch: -4.499999
