socialspy: false
lastAccountName: Dynastickondi19
timestamps:
  login: 1587780341857
  lastteleport: 1587786442854
  logout: 1587787380715
ipAddress: 185.25.123.146
lastlocation:
  world: world
  x: 60.19853409967493
  y: 83.0
  z: -504.7857533763342
  yaw: -17.062408
  pitch: -1.6499519
logoutlocation:
  world: world
  x: 51.04221286198991
  y: 63.0
  z: -492.5342046512306
  yaw: 33.337585
  pitch: 10.350091
