socialspy: false
lastAccountName: justin2115
timestamps:
  login: 1588619809916
  logout: 1588619840602
ipAddress: 5.172.232.39
lastlocation:
  world: world
  x: -51.5
  y: 67.0
  z: 43.5
  yaw: 0.0
  pitch: 0.0
logoutlocation:
  world: world
  x: 5.586858261586295
  y: 64.0
  z: 528.9953915260642
  yaw: -10.493101
  pitch: 51.14978
