socialspy: false
lastlocation:
  world: world
  x: 12.529053316586907
  y: 61.0
  z: 652.0250159926381
  yaw: -192.74069
  pitch: 17.549738
lastAccountName: Pafeu
timestamps:
  login: 1588782222049
  lastteleport: 1588782393393
  logout: 1588782587529
ipAddress: 213.146.62.173
logoutlocation:
  world: world
  x: 5.551753738826874
  y: 64.0
  z: 528.2869661929418
  yaw: -38.09306
  pitch: 67.3497
