lastAccountName: Zelek43YOLOPL
socialspy: false
timestamps:
  login: 1587481159836
  lastteleport: 1587481993161
  logout: 1587482777656
ipAddress: 89.64.89.208
lastlocation:
  world: world
  x: 17.043216184436403
  y: 64.0
  z: 532.5372514720526
  yaw: -331.79803
  pitch: 14.999674
logoutlocation:
  world: world
  x: -119.67316579422261
  y: 54.68675021501107
  z: 906.8241359198505
  yaw: 247.53418
  pitch: -42.000355
