lastAccountName: JAN_YT
timestamps:
  login: 1588601881050
  logout: 1588603379219
ipAddress: 185.170.200.146
socialspy: false
lastlocation:
  world: world
  x: -51.5
  y: 67.0
  z: 43.5
  yaw: 0.0
  pitch: 0.0
logoutlocation:
  world: world
  x: -2416.473909948901
  y: 71.0
  z: 4194.629087228024
  yaw: 222.5456
  pitch: 38.09984
