lastAccountName: oliwkasupi
timestamps:
  login: 1586911802536
  logout: 1586911832617
ipAddress: 91.227.157.67
socialspy: false
lastlocation:
  world: world
  x: -51.5
  y: 67.0
  z: 43.5
  yaw: 0.0
  pitch: 0.0
logoutlocation:
  world: world
  x: -26.005690112114877
  y: 75.48249998688698
  z: 528.5463246439822
  yaw: -22.34942
  pitch: 11.399972
