lastAccountName: DamPej
timestamps:
  login: 1588765461291
  lastteleport: 1588174468980
  logout: 1588765616878
  kits:
    vip: 1588055322596
socialspy: false
ipAddress: 83.29.72.79
lastlocation:
  world: world
  x: -1302.7131780194713
  y: 13.0
  z: 317.94589304828145
  yaw: 2.7452393
  pitch: 17.99961
logoutlocation:
  world: world
  x: -1317.8864778499326
  y: 50.5
  z: 457.97662763454707
  yaw: 164.11841
  pitch: 27.150188
