socialspy: false
lastAccountName: DonacikYT
timestamps:
  login: 1588537163798
  logout: 1588537173534
ipAddress: 31.0.120.60
lastlocation:
  world: world
  x: -51.5
  y: 67.0
  z: 43.5
  yaw: 0.0
  pitch: 0.0
logoutlocation:
  world: world
  x: 2.64139728764649
  y: 64.0
  z: 533.0681668221634
  yaw: -241.29576
  pitch: 1.5061948
