lastAccountName: lajvmiko95
socialspy: false
timestamps:
  login: 1588589892008
  logout: 1588591357513
  lastteleport: 1588591271386
ipAddress: 217.96.240.163
lastlocation:
  world: world
  x: -23.551800101727977
  y: 64.0
  z: 502.23762892638445
  yaw: -5.099365
  pitch: 13.349984
logoutlocation:
  world: world
  x: 37.30000001192093
  y: 67.0
  z: 505.94299083463636
  yaw: -264.1454
  pitch: 19.800024
