lastAccountName: SutyKserksesa
timestamps:
  login: 1588783364216
  logout: 1588783490673
ipAddress: 89.64.22.248
socialspy: false
lastlocation:
  world: world
  x: -1.5
  y: 64.0
  z: 534.5
  yaw: 0.0
  pitch: 0.0
logoutlocation:
  world: world
  x: -955.5366568189851
  y: 75.0
  z: 4302.699999988079
  yaw: 6.4493713
  pitch: 24.299944
