lastAccountName: Yebiemnieto
timestamps:
  login: 1586773266824
  logout: 1586773296847
ipAddress: 77.113.11.170
socialspy: false
lastlocation:
  world: world
  x: -51.5
  y: 67.0
  z: 43.5
  yaw: 0.0
  pitch: 0.0
logoutlocation:
  world: world
  x: -26.5
  y: 75.0
  z: 528.5
  yaw: -278.24936
  pitch: 28.049978
