lastAccountName: nikt_ani_nic
socialspy: false
timestamps:
  login: 1586869750429
  logout: 1586869783230
ipAddress: 94.254.169.240
lastlocation:
  world: world
  x: -51.5
  y: 67.0
  z: 43.5
  yaw: 0.0
  pitch: 0.0
logoutlocation:
  world: world
  x: -26.5
  y: 75.0
  z: 528.5
  yaw: -269.84927
  pitch: 32.54997
