socialspy: false
lastlocation:
  world: world
  x: -51.5
  y: 67.0
  z: 43.5
  yaw: 0.0
  pitch: 0.0
lastAccountName: Werka
timestamps:
  login: 1587558565044
  logout: 1587558595100
ipAddress: 77.114.64.61
logoutlocation:
  world: world
  x: 4.917352020935436
  y: 65.0
  z: 528.98981684645
  yaw: -353.8352
  pitch: 15.45001
