lastAccountName: Kali362
timestamps:
  login: 1588607817276
  logout: 1588608837031
  lastteleport: 1588596540777
ipAddress: 91.227.216.70
socialspy: false
lastlocation:
  world: world
  x: 13.393027180108575
  y: 59.0
  z: 367.1999469573935
  yaw: -91.64291
  pitch: 16.199858
logoutlocation:
  world: world
  x: 9.425000011920929
  y: 63.625
  z: 536.541594341818
  yaw: 270.75858
  pitch: 30.149979
