lastAccountName: gabrys1983
socialspy: false
timestamps:
  login: 1588622308300
  logout: 1588622338417
ipAddress: 5.173.249.32
lastlocation:
  world: world
  x: -51.5
  y: 67.0
  z: 43.5
  yaw: 0.0
  pitch: 0.0
logoutlocation:
  world: world
  x: 5.5
  y: 64.0
  z: 528.5
  yaw: -39.593094
  pitch: -2.1000075
