lastAccountName: cypo
timestamps:
  login: 1588763034915
  logout: 1588763064957
socialspy: false
ipAddress: 5.173.132.49
lastlocation:
  world: world
  x: -51.5
  y: 67.0
  z: 43.5
  yaw: 0.0
  pitch: 0.0
logoutlocation:
  world: world
  x: 7.6504867858844445
  y: 64.0
  z: 504.6150663050896
  yaw: -86.84316
  pitch: 14.099763
