socialspy: false
lastAccountName: k4kassper
timestamps:
  login: 1588690630904
  logout: 1588690815313
ipAddress: 77.254.226.74
lastlocation:
  world: world
  x: -51.5
  y: 67.0
  z: 43.5
  yaw: 0.0
  pitch: 0.0
logoutlocation:
  world: world
  x: 5.551753738826874
  y: 64.0
  z: 528.2869661929418
  yaw: 27.9069
  pitch: -16.350222
