lastAccountName: rKainee
timestamps:
  login: 1586453959465
  lastteleport: 1586456721213
  kits:
    provip: 1586456382598
    vip: 1586454005552
    tools: 1586455372284
  logout: 1586457908417
  lastheal: 1586456246484
ipAddress: 37.7.58.216
socialspy: false
lastlocation:
  world: world_nether
  x: 99.13786151129689
  y: 24.0
  z: -53.52832709026747
  yaw: -279.4386
  pitch: 10.12448
nickname: rKainee
logoutlocation:
  world: world_nether
  x: 92.78714169084155
  y: 128.0
  z: -56.14845083100765
  yaw: 193.58276
  pitch: -13.186345
