lastAccountName: Jerzuk
timestamps:
  login: 1588602737524
  logout: 1588602999991
ipAddress: 89.64.80.95
socialspy: false
lastlocation:
  world: world
  x: -51.5
  y: 67.0
  z: 43.5
  yaw: 0.0
  pitch: 0.0
logoutlocation:
  world: world
  x: 10.714331627646503
  y: 67.0
  z: 516.3993770735354
  yaw: -54.670227
  pitch: 18.010086
