lastAccountName: PLDzumanPL
timestamps:
  login: 1587383933076
  logout: 1587383979128
ipAddress: 80.48.235.238
socialspy: false
lastlocation:
  world: world
  x: -51.5
  y: 67.0
  z: 43.5
  yaw: 0.0
  pitch: 0.0
logoutlocation:
  world: world
  x: -33.59609340049933
  y: 82.5
  z: 530.2074974743408
  yaw: 41.850998
  pitch: 16.350107
