lastAccountName: Hubson
socialspy: false
timestamps:
  login: 1587888526342
  logout: 1587889161766
ipAddress: 5.60.48.6
lastlocation:
  world: world
  x: -51.5
  y: 67.0
  z: 43.5
  yaw: 0.0
  pitch: 0.0
logoutlocation:
  world: world
  x: 262.2791325161315
  y: 62.015491711928725
  z: 435.8660240896765
  yaw: 320.82837
  pitch: -4.4911003
