lastAccountName: JDyzioGaming
socialspy: false
timestamps:
  login: 1587577122045
  logout: 1587577235610
  lastteleport: 1587418245514
ipAddress: 194.152.47.9
lastlocation:
  world: world
  x: -18.19217148615631
  y: 55.0
  z: 359.8853404163225
  yaw: 323.55066
  pitch: 0.299949
logoutlocation:
  world: world
  x: -12.874571913904157
  y: 58.5
  z: 366.77783666722223
  yaw: -158.24979
  pitch: 45.150047
