lastAccountName: sethey889
timestamps:
  login: 1587755842587
  logout: 1587756014023
ipAddress: 37.248.157.174
socialspy: false
lastlocation:
  world: world
  x: -51.5
  y: 67.0
  z: 43.5
  yaw: 0.0
  pitch: 0.0
logoutlocation:
  world: world
  x: -32.591849252629366
  y: 64.0
  z: 493.11703163131034
  yaw: -18.187464
  pitch: 6.6
