lastAccountName: szch
socialspy: false
timestamps:
  login: 1587727332634
  logout: 1587727362642
ipAddress: 188.146.106.121
lastlocation:
  world: world
  x: -51.5
  y: 67.0
  z: 43.5
  yaw: 0.0
  pitch: 0.0
logoutlocation:
  world: world
  x: 5.5
  y: 65.0
  z: 528.5
  yaw: -275.98517
  pitch: 2.1000092
