lastAccountName: w0jetek14
timestamps:
  login: 1587932188565
  lastteleport: 1587932844288
  logout: 1587933817619
  kits:
    narzedzia: 1587933051652
ipAddress: 78.144.162.2
socialspy: false
lastlocation:
  world: world
  x: 5.513295089031924
  y: 65.0
  z: 528.5280735967704
  yaw: -269.38522
  pitch: -2.3999908
logoutlocation:
  world: world
  x: -2299.699999988079
  y: 72.0
  z: 4882.166332118483
  yaw: 107.37439
  pitch: 14.700025
