lastAccountName: MichalMarcin
timestamps:
  login: 1588754961047
  logout: 1588754966587
  lastteleport: 1588683092906
ipAddress: 37.190.149.117
socialspy: false
lastlocation:
  world: world
  x: -2003.7998507881682
  y: 67.0
  z: 4772.8276316451465
  yaw: 52.31615
  pitch: 0.44995365
logoutlocation:
  world: world
  x: -2029.4059909406517
  y: 64.0
  z: 4763.300000011921
  yaw: 31.914692
  pitch: 28.349989
