lastAccountName: lukizyt
socialspy: false
timestamps:
  login: 1587315877344
  lastteleport: 1587315920415
  logout: 1587315971987
ipAddress: 94.246.158.133
lastlocation:
  world: world
  x: -35.78881713512099
  y: 75.0625
  z: 527.2372613140542
  yaw: -39.449947
  pitch: 3.599968
logoutlocation:
  world: world
  x: -17.019460252375875
  y: 66.0
  z: 528.0905263198798
  yaw: -91.74852
  pitch: 0.5271032
