socialspy: false
lastAccountName: ANTEK4954
timestamps:
  login: 1587894545363
  logout: 1587894553078
ipAddress: 109.173.200.222
lastlocation:
  world: world
  x: -51.5
  y: 67.0
  z: 43.5
  yaw: 0.0
  pitch: 0.0
logoutlocation:
  world: world
  x: -3.4597571696106115
  y: 64.0
  z: 530.5010990828653
  yaw: -77.6853
  pitch: 28.350044
