lastAccountName: Gx_wow_Xg
socialspy: false
timestamps:
  login: 1587655954219
  logout: 1587655957534
ipAddress: 94.240.48.114
lastlocation:
  world: world
  x: -51.5
  y: 67.0
  z: 43.5
  yaw: 0.0
  pitch: 0.0
logoutlocation:
  world: world
  x: 35.21113347737066
  y: 64.0
  z: 535.3527570192972
  yaw: 59.52173
  pitch: 51.31204
