lastAccountName: boczek
socialspy: false
timestamps:
  login: 1587658588179
  logout: 1587658618205
ipAddress: 5.172.233.199
lastlocation:
  world: world
  x: -51.5
  y: 67.0
  z: 43.5
  yaw: 0.0
  pitch: 0.0
logoutlocation:
  world: world
  x: 5.611683754644939
  y: 65.0
  z: 528.0190746457519
  yaw: -162.88521
  pitch: 20.250006
