lastAccountName: julamiko04
socialspy: false
timestamps:
  login: 1587918201664
  logout: 1587918704183
ipAddress: 31.182.248.42
lastlocation:
  world: world
  x: -51.5
  y: 67.0
  z: 43.5
  yaw: 0.0
  pitch: 0.0
logoutlocation:
  world: world
  x: -279.424966683746
  y: 87.0
  z: 813.1296908203018
  yaw: 269.41556
  pitch: 28.949947
