socialspy: false
lastAccountName: ToQu
timestamps:
  login: 1586830780990
  logout: 1586830785063
ipAddress: 78.154.71.244
lastlocation:
  world: world
  x: -51.5
  y: 67.0
  z: 43.5
  yaw: 0.0
  pitch: 0.0
logoutlocation:
  world: world
  x: -26.5
  y: 75.0
  z: 528.5
  yaw: -278.51334
  pitch: 27.917992
