socialspy: false
lastlocation:
  world: world
  x: -78.06545147754734
  y: 64.0
  z: 610.3315089745198
  yaw: -34.192627
  pitch: -2.1000106
lastAccountName: krecikwakacji
timestamps:
  login: 1588106138394
  logout: 1588106884196
  lastteleport: 1588106812082
ipAddress: 89.230.15.223
logoutlocation:
  world: world
  x: -26.48944052516872
  y: 88.0
  z: 528.0584776523648
  yaw: -139.04407
  pitch: 47.84988
