lastAccountName: woda13
timestamps:
  login: 1588251283598
  logout: 1588251380947
ipAddress: 188.147.96.198
socialspy: false
lastlocation:
  world: world
  x: -51.5
  y: 67.0
  z: 43.5
  yaw: 0.0
  pitch: 0.0
logoutlocation:
  world: world
  x: 6.847809998500989
  y: 64.0
  z: 537.6117380023105
  yaw: 196.20624
  pitch: 4.799787
