socialspy: false
lastAccountName: TATAdeusz
timestamps:
  login: 1588598536132
  logout: 1588598541759
ipAddress: 89.64.64.54
lastlocation:
  world: world
  x: -51.5
  y: 67.0
  z: 43.5
  yaw: 0.0
  pitch: 0.0
logoutlocation:
  world: world
  x: -68.69800438668298
  y: 56.073689439545284
  z: 471.34574276557134
  yaw: -9.713469
  pitch: 14.999925
