lastAccountName: kubas3124
socialspy: false
timestamps:
  login: 1587391511914
  logout: 1587392222651
ipAddress: 37.248.211.244
lastlocation:
  world: world
  x: -51.5
  y: 67.0
  z: 43.5
  yaw: 0.0
  pitch: 0.0
logoutlocation:
  world: world
  x: -3.8549722629420513
  y: 68.00133597911214
  z: 351.97532145020585
  yaw: 282.17297
  pitch: 64.65146
