lastAccountName: SplowczaK
timestamps:
  login: 1588615992772
  logout: 1588615997056
ipAddress: 31.128.18.207
socialspy: false
lastlocation:
  world: world
  x: -51.5
  y: 67.0
  z: 43.5
  yaw: 0.0
  pitch: 0.0
logoutlocation:
  world: world
  x: -547.5
  y: 88.07036799014281
  z: 631.5
  yaw: 83.737976
  pitch: -0.6246196
