socialspy: false
lastAccountName: kamosztossTM
timestamps:
  login: 1587483106521
  logout: 1587483332793
ipAddress: 89.76.66.44
lastlocation:
  world: world
  x: -51.5
  y: 67.0
  z: 43.5
  yaw: 0.0
  pitch: 0.0
logoutlocation:
  world: world
  x: 22.840588481858525
  y: 67.0
  z: 542.8719933052753
  yaw: 296.40283
  pitch: 18.900003
