lastAccountName: Kamnikaze
timestamps:
  login: 1588798223348
  lastteleport: 1588782363456
  kits:
    supervip: 1588797006245
    starter: 1588773956743
    narzedzia: 1588517616499
    provip: 1588665324943
    jedzenie: 1588751357001
    vip: 1588796970416
    elitevip: 1588773943392
  logout: 1588798724070
  lastheal: 1588798002676
ipAddress: 188.146.170.154
socialspy: false
lastlocation:
  world: world
  x: -2.798942639985829
  y: 80.05540000339563
  z: 850.6890535553174
  yaw: -170.39758
  pitch: 18.449783
logoutlocation:
  world: world
  x: -2019.5148796773858
  y: 67.0
  z: 4750.293590482863
  yaw: -68.880615
  pitch: 10.349927
homes:
  baza:
    world: world
    x: 1877.0431310256606
    y: 70.0
    z: -320.694624329948
    yaw: 291.16504
    pitch: 27.450174
  dom:
    world: world
    x: -2009.9161465048146
    y: 85.0
    z: 4755.867991136601
    yaw: -19.077637
    pitch: 21.90073
  portla:
    world: world
    x: 240.22854302460524
    y: 36.0
    z: 4886.576518487793
    yaw: 202.71777
    pitch: 33.300125
  debile:
    world: world
    x: 2113.195725849766
    y: 72.0
    z: -4766.197628873792
    yaw: 77.63013
    pitch: 18.149912
