lastAccountName: karaczan
socialspy: false
timestamps:
  login: 1588075407734
  logout: 1588075775245
ipAddress: 46.174.24.200
lastlocation:
  world: world
  x: -51.5
  y: 67.0
  z: 43.5
  yaw: 0.0
  pitch: 0.0
logoutlocation:
  world: world
  x: 27.227339831590854
  y: 64.0
  z: 544.1089755780282
  yaw: 87.15564
  pitch: 16.349861
