lastAccountName: wartuetruesu
timestamps:
  login: 1587277795035
  logout: 1587277844422
ipAddress: 185.41.130.191
socialspy: false
lastlocation:
  world: world
  x: -51.5
  y: 67.0
  z: 43.5
  yaw: 0.0
  pitch: 0.0
logoutlocation:
  world: world
  x: -0.0839912429380685
  y: 64.0
  z: 528.6605377213065
  yaw: -275.69934
  pitch: -43.95001
