lastAccountName: Nikodem704
socialspy: false
timestamps:
  login: 1587466759414
  logout: 1587466908053
ipAddress: 178.43.10.107
lastlocation:
  world: world
  x: -51.5
  y: 67.0
  z: 43.5
  yaw: 0.0
  pitch: 0.0
logoutlocation:
  world: world
  x: 12.840737501785153
  y: 64.0
  z: 577.4494905089398
  yaw: 173.92982
  pitch: 21.998375
