lastAccountName: kloc
socialspy: false
timestamps:
  login: 1587457876189
  logout: 1587458134397
ipAddress: 79.186.18.238
lastlocation:
  world: world
  x: -51.5
  y: 67.0
  z: 43.5
  yaw: 0.0
  pitch: 0.0
logoutlocation:
  world: world
  x: 36.30000001192093
  y: 65.0
  z: 541.8176881670622
  yaw: -243.29901
  pitch: -7.5000005
