lastAccountName: WojtekPlay
socialspy: false
timestamps:
  login: 1587316878967
  logout: 1587316942472
ipAddress: 77.254.214.169
lastlocation:
  world: world
  x: -51.5
  y: 67.0
  z: 43.5
  yaw: 0.0
  pitch: 0.0
logoutlocation:
  world: world
  x: 5.041813478402394
  y: 64.0
  z: 492.80941799199223
  yaw: -182.54938
  pitch: 8.699979
