lastAccountName: RevengerLP
timestamps:
  login: 1588174249752
  lastteleport: 1588175492004
  logout: 1588175978958
socialspy: false
ipAddress: 178.37.84.197
lastlocation:
  world: world
  x: 4.320027320564729
  y: 64.0
  z: 449.94066120696493
  yaw: -25.191578
  pitch: 13.905348
logoutlocation:
  world: world
  x: -2838.616851355494
  y: 47.0
  z: 327.77847128617145
  yaw: 115.10821
  pitch: 17.145073
