socialspy: false
lastAccountName: FabianXDD
timestamps:
  login: 1587981985871
  logout: 1587982019184
ipAddress: 31.0.124.193
lastlocation:
  world: world
  x: -51.5
  y: 67.0
  z: 43.5
  yaw: 0.0
  pitch: 0.0
logoutlocation:
  world: world
  x: 3.3430266221747216
  y: 64.0
  z: 507.7771348745756
  yaw: -183.28214
  pitch: 18.149998
