lastAccountName: Polaczek2000
timestamps:
  login: 1588235699845
  lastteleport: 1588236061898
  logout: 1588236187093
ipAddress: 80.48.235.238
socialspy: false
lastlocation:
  world: world
  x: 7.389791692887794
  y: 64.0
  z: 529.7590977540486
  yaw: 59.256893
  pitch: 15.449779
logoutlocation:
  world: world
  x: -8413.263317883975
  y: 6.0
  z: 6074.912274496768
  yaw: -94.40842
  pitch: 39.29998
