lastAccountName: karolcia_rzadzix
timestamps:
  login: 1587996194315
  logout: 1587996224347
  lastteleport: 1587928905711
ipAddress: 91.222.147.14
socialspy: false
lastlocation:
  world: world
  x: 440.5459819954641
  y: 78.0
  z: 741.042241746709
  yaw: -91.65198
  pitch: 35.10003
logoutlocation:
  world: world
  x: -2022.988465033541
  y: 64.0
  z: 1121.6751913942105
  yaw: -234.93016
  pitch: 12.149967
