socialspy: false
lastlocation:
  world: world
  x: -51.5
  y: 67.0
  z: 43.5
  yaw: 0.0
  pitch: 0.0
lastAccountName: Kujak
timestamps:
  login: 1587300662324
  logout: 1587300665848
ipAddress: 46.174.20.16
logoutlocation:
  world: world
  x: 7.300000011920924
  y: 63.0
  z: 657.4358569237259
  yaw: -120.582924
  pitch: 18.699623
