socialspy: false
lastAccountName: Lylekez
timestamps:
  login: 1587478872410
  kits:
    starter: 1587478978322
  logout: 1587479852153
ipAddress: 5.173.147.95
lastlocation:
  world: world
  x: -51.5
  y: 67.0
  z: 43.5
  yaw: 0.0
  pitch: 0.0
logoutlocation:
  world: world
  x: 101.07349339677886
  y: 60.0
  z: 361.5623399942433
  yaw: -177.40541
  pitch: 7.0504527
