lastAccountName: PandaNekus
timestamps:
  login: 1588761167102
  logout: 1588761182244
ipAddress: 62.111.247.102
socialspy: false
lastlocation:
  world: world
  x: 1.5
  y: 64.0
  z: 524.5
  yaw: 0.0
  pitch: 0.0
logoutlocation:
  world: world
  x: 5.5
  y: 64.0
  z: 528.5
  yaw: 127.959656
  pitch: 5.141981
