lastAccountName: Lelka
timestamps:
  login: 1587809387888
  logout: 1587809409205
ipAddress: 91.123.188.244
socialspy: false
lastlocation:
  world: world
  x: -51.5
  y: 67.0
  z: 43.5
  yaw: 0.0
  pitch: 0.0
logoutlocation:
  world: world
  x: 5.3668675039911715
  y: 65.0
  z: 528.5007490387212
  yaw: -86.535164
  pitch: 51.900036
