lastAccountName: Julcix
timestamps:
  login: 1587313652134
  logout: 1587313670447
ipAddress: 178.43.41.6
socialspy: false
lastlocation:
  world: world
  x: -51.5
  y: 67.0
  z: 43.5
  yaw: 0.0
  pitch: 0.0
logoutlocation:
  world: world
  x: -26.375643996434473
  y: 75.0625
  z: 528.9077830991337
  yaw: -13.949237
  pitch: 13.949928
