lastAccountName: KtosTaki
timestamps:
  login: 1588235930420
  logout: 1588235960248
ipAddress: 80.48.235.238
socialspy: false
lastlocation:
  world: world
  x: -51.5
  y: 67.0
  z: 43.5
  yaw: 0.0
  pitch: 0.0
logoutlocation:
  world: world
  x: 5.5
  y: 65.0
  z: 528.5
  yaw: -1.6431007
  pitch: 78.89978
