lastAccountName: kotka1111
timestamps:
  login: 1587374112988
  logout: 1587374588575
ipAddress: 89.65.37.210
socialspy: false
lastlocation:
  world: world
  x: -51.5
  y: 67.0
  z: 43.5
  yaw: 0.0
  pitch: 0.0
logoutlocation:
  world: world
  x: 4482.822792590834
  y: 70.0
  z: 2190.832515601953
  yaw: 49.950375
  pitch: 15.599901
