lastAccountName: DJ_Vipers
timestamps:
  login: 1586968738106
  logout: 1586969161827
ipAddress: 89.64.41.191
socialspy: false
lastlocation:
  world: world
  x: -51.5
  y: 67.0
  z: 43.5
  yaw: 0.0
  pitch: 0.0
logoutlocation:
  world: world
  x: -11.612210187228431
  y: 64.0
  z: 496.7335880449424
  yaw: -194.54199
  pitch: 32.549973
