socialspy: false
lastAccountName: matiii207
timestamps:
  login: 1587830891776
  lastteleport: 1587831050316
  logout: 1587831711133
ipAddress: 83.26.203.63
lastlocation:
  world: world
  x: 1557.6605895155892
  y: 68.0
  z: -814.8692739293451
  yaw: -83.62952
  pitch: 3.7011814
logoutlocation:
  world: world
  x: -440.1602735463329
  y: 77.0
  z: -4933.009692653412
  yaw: -326.03516
  pitch: 17.826593
