lastAccountName: kingaa150
timestamps:
  login: 1587999651296
  logout: 1588000875542
  lastteleport: 1588000092041
ipAddress: 95.49.79.208
socialspy: false
lastlocation:
  world: world
  x: -20.34720986436542
  y: 66.0
  z: 528.7665468197405
  yaw: 267.61505
  pitch: 14.100001
logoutlocation:
  world: world
  x: -2011.5118152301245
  y: 57.0
  z: 1119.0531174007851
  yaw: 36.30493
  pitch: 8.550224
