lastAccountName: WojTaZ
timestamps:
  login: 1587405527840
  logout: 1587405803668
  lastteleport: 1587319398447
ipAddress: 91.227.216.167
socialspy: false
lastlocation:
  world: world
  x: -120.24977349030463
  y: 72.0
  z: 2681.7849302226714
  yaw: 218.7144
  pitch: 4.650157
logoutlocation:
  world: world
  x: 196.37717959684912
  y: 37.0
  z: 821.3000000119209
  yaw: -132.9079
  pitch: 14.400385
