lastAccountName: zozolpl12
timestamps:
  login: 1588772486162
  logout: 1588772529383
ipAddress: 31.135.162.94
socialspy: false
lastlocation:
  world: world
  x: -1.5
  y: 64.0
  z: 532.5
  yaw: 0.0
  pitch: 0.0
logoutlocation:
  world: world
  x: 14.386233306569522
  y: 61.0
  z: 631.2242745951067
  yaw: -111.89267
  pitch: -3.3000133
