lastlocation:
  world: world
  x: -51.5
  y: 67.0
  z: 43.5
  yaw: 0.0
  pitch: 0.0
socialspy: false
lastAccountName: Predka
timestamps:
  login: 1587313452526
  logout: 1587313480583
ipAddress: 31.179.2.48
logoutlocation:
  world: world
  x: -26.99620688819995
  y: 75.0625
  z: 528.034970170854
  yaw: -262.19992
  pitch: 21.749826
