lastAccountName: anonimowy
timestamps:
  login: 1588235732823
  logout: 1588236190142
ipAddress: 80.48.235.238
socialspy: false
lastlocation:
  world: world
  x: -51.5
  y: 67.0
  z: 43.5
  yaw: 0.0
  pitch: 0.0
logoutlocation:
  world: world
  x: 6.25618785478588
  y: 64.0
  z: 532.2699675536293
  yaw: 123.60691
  pitch: 16.79977
