lastAccountName: bambol
timestamps:
  login: 1587562384257
  logout: 1587562414407
ipAddress: 185.238.237.83
socialspy: false
lastlocation:
  world: world
  x: -51.5
  y: 67.0
  z: 43.5
  yaw: 0.0
  pitch: 0.0
logoutlocation:
  world: world
  x: 5.034088818597
  y: 65.0
  z: 528.5615138131318
  yaw: -278.08524
  pitch: 7.80001
