lastAccountName: julis
timestamps:
  login: 1588087179256
  logout: 1588087594194
ipAddress: 31.0.25.65
socialspy: false
lastlocation:
  world: world
  x: -51.5
  y: 67.0
  z: 43.5
  yaw: 0.0
  pitch: 0.0
logoutlocation:
  world: world
  x: -18.114297953875873
  y: 65.0
  z: 649.1940451695165
  yaw: 351.00702
  pitch: 4.3496647
