lastAccountName: TheNitroPower2
socialspy: false
timestamps:
  login: 1587328212618
  logout: 1587328222863
ipAddress: 83.26.154.33
lastlocation:
  world: world
  x: -51.5
  y: 67.0
  z: 43.5
  yaw: 0.0
  pitch: 0.0
logoutlocation:
  world: world
  x: -27.02544942825494
  y: 75.0625
  z: 528.5714151869748
  yaw: -278.24936
  pitch: 28.049978
