lastAccountName: Yetiii
socialspy: false
timestamps:
  login: 1588507069454
  logout: 1588507171866
ipAddress: 89.66.154.138
lastlocation:
  world: world
  x: -51.5
  y: 67.0
  z: 43.5
  yaw: 0.0
  pitch: 0.0
logoutlocation:
  world: world
  x: 5.106036403715375
  y: 64.0
  z: 511.39733659596266
  yaw: -180.98712
  pitch: 18.655022
