lastAccountName: dealerek
timestamps:
  login: 1588343448906
  logout: 1588343466831
ipAddress: 188.146.232.56
socialspy: false
lastlocation:
  world: world
  x: -51.5
  y: 67.0
  z: 43.5
  yaw: 0.0
  pitch: 0.0
logoutlocation:
  world: world
  x: 5.731343368750311
  y: 65.0
  z: 528.9183271413183
  yaw: 171.75687
  pitch: 30.599962
