lastAccountName: Dominik_2007
socialspy: false
timestamps:
  login: 1586539409626
  logout: 1586539897842
ipAddress: 5.172.236.199
lastlocation:
  world: world
  x: -51.5
  y: 67.0
  z: 43.5
  yaw: 0.0
  pitch: 0.0
logoutlocation:
  world: world
  x: -3222.4530983665645
  y: 69.0
  z: -3895.634159714638
  yaw: 157.90077
  pitch: 83.241516
