lastAccountName: pasztet010
timestamps:
  login: 1588796071054
  logout: 1588796076987
ipAddress: 46.148.79.133
socialspy: false
lastlocation:
  world: world
  x: 1.5
  y: 70.0
  z: 523.5
  yaw: 0.0
  pitch: 0.0
logoutlocation:
  world: world
  x: 5.5
  y: 64.0
  z: 528.5
  yaw: -54.143127
  pitch: 19.04979
