lastAccountName: sweaty_tryhard
timestamps:
  login: 1587848822365
  logout: 1587849308013
ipAddress: 77.253.123.100
socialspy: false
lastlocation:
  world: world
  x: -51.5
  y: 67.0
  z: 43.5
  yaw: 0.0
  pitch: 0.0
logoutlocation:
  world: world
  x: -17.68958888510571
  y: 48.0
  z: 346.30000001192093
  yaw: -28.484331
  pitch: 31.799942
