lastAccountName: Gromorth
socialspy: false
timestamps:
  login: 1587289477636
  logout: 1587289695395
ipAddress: 91.201.19.33
lastlocation:
  world: world
  x: -51.5
  y: 67.0
  z: 43.5
  yaw: 0.0
  pitch: 0.0
logoutlocation:
  world: world
  x: -36.98716069553022
  y: 64.0
  z: 621.4352188478363
  yaw: 148.4866
  pitch: -1.6502312
