lastAccountName: walu2115
socialspy: false
timestamps:
  login: 1588623527498
  logout: 1588623557383
ipAddress: 5.173.249.32
lastlocation:
  world: world
  x: -51.5
  y: 67.0
  z: 43.5
  yaw: 0.0
  pitch: 0.0
logoutlocation:
  world: world
  x: 5.171751941244151
  y: 64.0
  z: 525.0520136425853
  yaw: -164.24347
  pitch: 3.2999988
