lastAccountName: jogobella5
timestamps:
  login: 1587375457640
  logout: 1587375461820
ipAddress: 37.249.66.36
socialspy: false
lastlocation:
  world: world
  x: -51.5
  y: 67.0
  z: 43.5
  yaw: 0.0
  pitch: 0.0
logoutlocation:
  world: world
  x: -26.5
  y: 75.0
  z: 528.5
  yaw: -257.54926
  pitch: 5.699979
