socialspy: false
lastAccountName: xKitsunex
timestamps:
  login: 1588790065892
  lastteleport: 1588790525547
  logout: 1588791272611
ipAddress: 83.5.162.139
lastlocation:
  world: world
  x: 28.525371561355605
  y: 64.0
  z: 567.463522814683
  yaw: 265.61383
  pitch: 21.29103
logoutlocation:
  world: world
  x: -3096.224627729986
  y: 55.0
  z: 1435.2688978278004
  yaw: 267.63556
  pitch: 25.992788
