lastlocation:
  world: world
  x: 1.40555002223475
  y: 64.0
  z: 528.9478573398013
  yaw: -259.63562
  pitch: 12.150024
socialspy: false
lastAccountName: kryst339
timestamps:
  login: 1587848741168
  lastteleport: 1587848761262
  logout: 1587849299407
ipAddress: 77.254.39.197
logoutlocation:
  world: world
  x: 5.513295089031924
  y: 65.0
  z: 528.5280735967704
  yaw: -269.8352
  pitch: -2.999991
