lastAccountName: minekoza
socialspy: false
timestamps:
  login: 1587667538262
  logout: 1587667697621
ipAddress: 185.229.125.87
lastlocation:
  world: world
  x: -51.5
  y: 67.0
  z: 43.5
  yaw: 0.0
  pitch: 0.0
logoutlocation:
  world: world
  x: 48.1986710110705
  y: 64.0
  z: 555.7351987045718
  yaw: -221.72943
  pitch: 31.171291
