lastAccountName: Malaki
timestamps:
  login: 1587158092585
  logout: 1587158122791
ipAddress: 46.238.245.61
socialspy: false
lastlocation:
  world: world
  x: -51.5
  y: 67.0
  z: 43.5
  yaw: 0.0
  pitch: 0.0
logoutlocation:
  world: world
  x: -26.00259451858257
  y: 75.0625
  z: 528.5111473190555
  yaw: 48.45096
  pitch: 52.649876
