lastAccountName: FlyingBurrito72
socialspy: false
timestamps:
  login: 1587496251037
  logout: 1587497112590
  lastteleport: 1587496871225
ipAddress: 37.47.165.220
lastlocation:
  world: world
  x: -91.78331257245142
  y: 107.0
  z: 884.6268125378713
  yaw: -151.79285
  pitch: -0.9000063
logoutlocation:
  world: world
  x: 41.184874447901734
  y: 64.0
  z: 558.0887311238517
  yaw: -342.44226
  pitch: 5.400161
