lastAccountName: ziomal123
timestamps:
  login: 1587484882002
  logout: 1587484878995
  lastteleport: 1587486180238
ipAddress: 178.219.98.87
socialspy: false
lastlocation:
  world: world
  x: -26.733074614807858
  y: 75.0625
  z: 529.0997865482587
  yaw: -285.8994
  pitch: 14.699988
logoutlocation:
  world: world
  x: -26.812396322109777
  y: 75.0625
  z: 528.949554909092
  yaw: -232.3494
  pitch: 12.299976
