lastAccountName: Piotrek
timestamps:
  login: 1588522193349
  logout: 1588522224640
ipAddress: 93.105.177.111
socialspy: false
lastlocation:
  world: world
  x: -51.5
  y: 67.0
  z: 43.5
  yaw: 0.0
  pitch: 0.0
logoutlocation:
  world: world
  x: 5.622438599650872
  y: 65.0
  z: 528.171724216919
  yaw: 301.95663
  pitch: 21.29999
