lastAccountName: seba
timestamps:
  login: 1587588068241
  logout: 1587588272788
ipAddress: 37.248.153.183
socialspy: false
lastlocation:
  world: world
  x: -51.5
  y: 67.0
  z: 43.5
  yaw: 0.0
  pitch: 0.0
logoutlocation:
  world: world
  x: -12.231940447435626
  y: 64.0
  z: 453.46260799145693
  yaw: 287.11578
  pitch: 11.550048
