spawns: 
  default: 
    world: world
    x: 5.551753738826874
    y: 65.0
    z: 528.2869661929418
    yaw: -2.3931007
    pitch: 76.04978
