world: world
x: 33.792193621105
y: 67.0
z: 513.6438520834571
yaw: 3.7314706
pitch: 2.413938
name: Administracja
