world: world
x: 45.59400458180591
y: 67.0
z: 504.20936829884045
yaw: -88.192764
pitch: 0.7505275
name: church
