world: world
x: 15.854808700948299
y: 65.0
z: 490.35866830898425
yaw: -107.24275
pitch: 12.4498205
name: enchant
