world: world
x: -24.970112595714973
y: 66.0
z: 528.7635748824815
yaw: 182.10109
pitch: 8.549996
name: gildie
