world: world
x: 49.993384944412846
y: 67.0
z: 503.0326041255433
yaw: -6.1477356
pitch: 16.49974
name: info
