world: world
x: 35.66276366128818
y: 64.0
z: 551.9920924396702
yaw: 186.75854
pitch: 32.099888
name: jedzenie
