world: world
x: 47.80709424531498
y: 67.0
z: 504.81257086011794
yaw: 100.50724
pitch: 18.000528
name: kosciol
