world: world
x: -39.77078335667837
y: 68.0
z: 484.34065402238895
yaw: 257.99936
pitch: 20.850151
name: kowaldom
