world: world
x: 6.678355874354278
y: 64.0
z: 450.172186733108
yaw: -191.30981
pitch: 12.369253
name: pvp
