world: world
x: -25.306013541828204
y: 66.0
z: 528.1983355430766
yaw: -358.64197
pitch: -12.861046
name: regulamin
