world: world
x: -10.353932946819299
y: 64.0
z: 507.67431655190285
yaw: -282.75012
pitch: 23.24996
name: sklep
