world: world
x: -32.784242362151105
y: 64.0
z: 499.9608438382523
yaw: 336.00113
pitch: 14.100107
name: targ
