world: world
x: 5.466085192716946
y: 64.0
z: 469.1475227849736
yaw: -179.09259
pitch: 12.300564
name: traitorsgate
