world: world
x: 48.49375688378123
y: 67.0
z: 510.28969195062234
yaw: 0.5183811
pitch: -14.191567
name: vip
